1.92 
0.88 
-0.06 
0.69 
0.55 
0.17 
-0.09 
0.03 
0.19 
0.62 
0.32 
0.81 
0.77 
0.14 
-0.04 
0.28 
0.63 
-0.08 
-0.39 
-0.59 
0.05 
-0.10 
0.25 
0.27 
0.01 
1.45 
0.93 
0.44 
0.54 
0.47 
1.29 
0.22 
0.35 
0.59 
1.38 
0.94 
0.63 
0.04 
-0.05 
0.23 
0.27 
0.17 
1.74 
1.35 
0.13 
0.12 
0.08 
1.13 
0.50
-0.01
0.62
1.38
0.28
-0.12
0.60
0.53
0.19
0.87
0.38
0.67
0.84 
0.13 
0.18 
0.88 
0.19 
0.34 
0.77 
0.94 
0.56 
1.56 
2.83 
1.51 
2.52 
1.07 
1.41 
1.00 
1.23 
-0.67 
0.25 
0.49 
0.45 
0.41 
-0.07 
0.46 
0.98 
0.31 
0.48 
0.49 
1.25 
0.59 
0.50 
1.05 
0.12 
0.14 
1.08 
1.43 
0.50 
0.16 
0.74 
0.96 
0.76 
-0.22 
0.26 
-0.12 
0.13 
0.41 
0.47 
0.97 
1.37 
-0.13 
0.49 
0.85 
-0.18 
-0.36 
0.30 
0.22 
0.04 
0.30 
0.21 
0.58 
1.20 
0.54 
0.20 
0.57 
-0.25 
0.29 
0.32 
-0.03 
-0.01 
0.05 
0.61 
0.59 
1.17 
0.23 
0.68 
-0.36 
0.23 
0.52 
0.35 
0.39 
0.13 
