71.60
72.50
73.50
74.50
75.20
76.30
76.90
78.10
80.00
80.90
81.70
82.90
84.70
86.30
88.80
90.90
91.50
93.40
94.60
95.90
96.70
97.80
99.10
100.00
102.20
103.70
104.70
106.00
106.70
107.90
110.40
112.30
114.10
116.10
117.10
117.50
118.90
120.20
122.10
124.20
125.20
126.20
127.60
128.90
130.50
132.00
133.20
133.90
135.10
139.90
145.80
153.20
156.10
158.10
161.60
164.70
167.40
170.20
174.00
178.10
183.10
187.50
189.90
194.10
197.80
204.00
208.00
215.00
219.00
223.00
227.00
230.00
238.00
251.00
256.00
263.00
270.00
275.00
280.00
290.00
298.00
305.00
310.00
318.00
329.00
343.00
359.00
375.00
383.00
393.00
400.00
407.00
415.00
424.00
436.00
449.00
456.00
474.00
486.00
495.00
510.00
535.00
558.00
572.00
586.00
602.00
617.00
628.00
653.00
667.00
707.00
731.00
746.00
778.00
